alcohol_and_tobacco_consumption: 23083877177.26632
clothing_and_footwear_consumption: 23435595234.030815
communication_consumption: 18189973015.273888
diesel_spending: 8267208905.41007
domestic_energy_consumption: 38030495445.97539
education_consumption: 13659595872.274818
food_and_non_alcoholic_beverages_consumption: 113212326206.45212
health_consumption: 10932859121.747177
household_furnishings_consumption: 56477369530.38648
housing_water_and_electricity_consumption: 138664401275.10858
miscellaneous_consumption: 60831324912.68913
petrol_spending: 13042912673.083202
recreation_consumption: 73748721990.34656
restaurants_and_hotels_consumption: 29584899433.457253
transport_consumption: 99736932840.66919
