alcohol_and_tobacco_consumption: 20649078205.153564
clothing_and_footwear_consumption: 20963698388.085712
communication_consumption: 16271364314.480564
diesel_spending: 6376596007.607264
domestic_energy_consumption: 34019184412.316296
education_consumption: 12218834004.851433
food_and_non_alcoholic_beverages_consumption: 101271123549.67178
health_consumption: 9779703005.577099
household_furnishings_consumption: 50520352854.88441
housing_water_and_electricity_consumption: 124038611200.9107
miscellaneous_consumption: 54415069695.58299
petrol_spending: 10060152807.35514
recreation_consumption: 65969989192.65327
restaurants_and_hotels_consumption: 26464397527.409103
transport_consumption: 89217063076.27383
