corporate_wealth: 5335932444109.739
gross_financial_wealth: 2064839981314.2166
main_residence_value: 5646379859593.8125
net_financial_wealth: 1932817361781.783
non_residential_property_value: 73247827987.87086
other_residential_property_value: 237130342991.10736
owned_land: 62825149663.119736
property_wealth: 6690486590152.919
savings: 404610991949.8905
